epoch,train_loss,train_mae,val_loss,val_mae,lr,duration_s
1,122.53768993501716,123.03768407835268,118.75210342588734,119.25210336538461,9.891830623632339e-05,207.9243791103363
2,113.79034602916212,114.29021176149881,109.61022670301155,110.11001313441713,9.572050015330874e-05,202.49015259742737
3,102.7717835731113,103.27138331123612,97.83852918898653,98.33792624900872,9.05463412215599e-05,202.20924043655396
4,90.67322314608012,91.17271197059625,86.73230499582192,87.23230493531919,8.362196501476348e-05,204.52334451675415
5,78.15188443745818,78.650955768921,75.38826075288438,75.88814225828335,7.525e-05,204.0547821521759
6,66.28533815751466,66.78434076997422,60.67613751428833,61.17518803281126,6.57963412215599e-05,204.7812852859497
7,55.86248364248132,56.361299858123516,49.414146626024,49.91170357107455,5.567415893174885e-05,203.40780925750732
8,45.288233225351284,45.786446845881244,43.73468516423152,44.23194792079698,4.532584106825116e-05,201.8237955570221
9,36.3276404457183,36.825361743415755,39.38671895570929,39.885301534000796,3.5203658778440106e-05,202.7769854068756
10,29.965577200421446,30.463129138870904,31.44612991913834,31.9425725490682,2.5750000000000013e-05,202.5364329814911
11,25.34902939580907,25.84582393685567,25.36149048256931,25.860039465206185,1.7378034985236535e-05,203.60925674438477
12,22.329626992427574,22.82516711822679,25.015672242045873,25.514333629683783,1.0453658778440107e-05,203.17489409446716
13,20.461731900873872,20.956333822905307,25.70513069884915,26.202256083961142,5.279499846691251e-06,203.95372986793518
14,19.366611592642947,19.860448560480272,21.56036227208863,22.05720596252974,2.0816937636766186e-06,203.15756821632385
15,18.803774955440947,19.2979307968781,26.94421494413613,27.442805653994846,1e-06,205.06971526145935
