epoch,train_loss,train_mae,val_loss,val_mae,backbone_lr,head_lr,duration_s
1,0.2926313053228664,13.039491536974623,0.20463398663795343,9.407848433782712,1.2e-05,0.0001,385.27094411849976
2,0.20594265150655175,9.458314488749009,0.1822194217702021,8.481562252180808,2.1e-05,0.000175,390.03620505332947
3,0.19374393543537224,8.955748011250991,0.1809777543125977,8.428268735130848,3e-05,0.00025,389.633092880249
4,0.17774728572765672,8.292164112063839,0.15270283720164332,7.25375446074544,3e-05,0.00025,391.10191202163696
5,0.17052801573777557,7.988436136994449,0.15200891802464092,7.228266256938937,2.984732162821399e-05,0.0002487276802351166,389.5964467525482
6,0.1614570609640262,7.612245056007137,0.16484279190851148,7.767929718477399,2.939239460421746e-05,0.00024493662170181217,390.29868841171265
7,0.15833653192332017,7.480344840404441,0.15292112711849523,7.258586934972244,2.8644479930317776e-05,0.0002387039994193148,389.5655779838562
8,0.15250290929089455,7.241282185517447,0.15664935629581478,7.409149484536083,2.7618802992467718e-05,0.00023015669160389766,390.3326885700226
9,0.14784692995350668,7.048646132781522,0.1433403971564382,6.863042724028549,2.6336243615313876e-05,0.0002194686967942823,389.38283109664917
10,0.14522716019547807,6.941598261470931,0.14573475666503694,6.962901467089611,2.482291100917928e-05,0.00020685759174316064,389.6334388256073
11,0.14239584659296403,6.820155289700635,0.13555268646704594,6.540487460348929,2.3109612261833967e-05,0.0001925801021819497,389.87466311454773
12,0.14080957096427513,6.755112819686756,0.15667822029409098,7.414291732751784,2.12312251950283e-05,0.00017692687662523583,389.9924600124359
13,0.13561660045437354,6.534619566564235,0.1427046234861997,6.825770717684377,1.9225988352621445e-05,0.00016021656960517872,389.75832295417786
14,0.13302235985965033,6.431265024038462,0.13273287287408828,6.4095336042823154,1.713472257409928e-05,0.00014278935478416067,389.7171730995178
15,0.12988635377691057,6.2939933274682796,0.1308889531195873,6.341197462331483,1.5e-05,0.000125,389.56023716926575
16,0.12649398047734026,6.156929179470658,0.13100105648140978,6.3294446371927044,1.2865277425900725e-05,0.00010721064521583937,390.4909636974335
17,0.12207080552636584,5.965933380005947,0.1416109040450426,6.784570777160983,1.0774011647378554e-05,8.978343039482128e-05,390.41491174697876
18,0.1214414830722098,5.946296758447537,0.13091389847879462,6.328075436161776,8.768774804971705e-06,7.30731233747642e-05,389.66123962402344
19,0.11836978526081385,5.812314135606662,0.13501202474620774,6.504343031324345,6.890387738166042e-06,5.741989781805035e-05,389.1592466831207
20,0.11614021258303138,5.724297277706185,0.1307659971038091,6.331142198651864,5.177088990820725e-06,4.3142408256839374e-05,389.65127539634705
21,0.11488630033550898,5.6697460782613005,0.13175294934096174,6.374002527755749,3.6637563846861278e-06,3.053130320571773e-05,389.74748826026917
22,0.11215818291094264,5.556468700436162,0.12994930295836443,6.288350019825535,2.38119700753228e-06,1.9843308396102336e-05,390.15077543258667
23,0.11142417941534925,5.521005774187153,0.12976193140887912,6.291156572164948,1.3555200696822235e-06,1.1296000580685195e-05,390.06396198272705
24,0.11091705337225871,5.502835206433386,0.12974343619041268,6.284056552339413,1e-06,5.063378298187843e-06,389.9461932182312
25,0.11020408177853198,5.472412302983743,0.12959796944182606,6.285698354480571,1e-06,1.2723197648834145e-06,390.228556394577
