epoch,train_loss,train_mae,val_loss,val_mae,backbone_lr,head_lr,duration_s
1,0.2592339120054888,11.65997658108644,0.1974312629872707,9.109375,1.65e-05,0.00011000000000000002,305.6518044471741
2,0.1878455000191714,8.709110607900476,0.17601119389522651,8.215900079302141,3e-05,0.0002,283.48255443573
3,0.16894630280683004,7.921456805114988,0.14718932178666155,7.008958663758921,3e-05,0.0002,282.48215079307556
4,0.15590760184482957,7.3860906832375095,0.16311967331535,7.676800406423474,2.981532510892707e-05,0.00019876883405951377,280.52299761772156
5,0.14933734893515221,7.107674340800951,0.14150002155627267,6.780543715305313,2.9265847744427305e-05,0.00019510565162951537,280.7545175552368
6,0.1454965123798902,6.950867522055908,0.14724147523045067,7.017142892545599,2.8365097862825516e-05,0.0001891006524188368,280.74565076828003
7,0.13816781484423696,6.642403102696273,0.1290438355114326,6.258636498810468,2.7135254915624213e-05,0.00018090169943749476,280.64967918395996
8,0.13229608047136138,6.396877013530927,0.13349338617946874,6.452740880253767,2.5606601717798212e-05,0.00017071067811865476,280.6680154800415
9,0.12853708270638828,6.241506723257212,0.12857736799567585,6.256759268437748,2.3816778784387097e-05,0.00015877852522924732,280.626669883728
10,0.12284979561283227,6.006853749504361,0.13395600787804865,6.465825733544806,2.1809857496093203e-05,0.00014539904997395468,280.5720045566559
11,0.11788615497518966,5.793369907315623,0.13058666474851324,6.332158257335448,1.963525491562421e-05,0.00013090169943749476,280.7260012626648
12,0.11176150133811133,5.538212170400476,0.12962991018719752,6.283740582870737,1.7346516975603466e-05,0.0001156434465040231,282.80362844467163
13,0.107176342369024,5.3489704661478985,0.1370579368485807,6.596965454004758,1.5e-05,0.0001,280.82031440734863
14,0.10368707035738357,5.201454495362683,0.12829679591045032,6.219710299365583,1.2653483024396535e-05,8.435655349597689e-05,280.66849088668823
15,0.0992379329809114,5.011782253667724,0.13099951550518116,6.343403053132435,1.036474508437579e-05,6.909830056250527e-05,293.9321939945221
16,0.0950107836208109,4.833940232206582,0.1277155817783985,6.203186954797779,8.190142503906798e-06,5.4600950026045326e-05,292.90348386764526
17,0.0899310159414983,4.617058169359635,0.12984644996798483,6.292098285091197,6.1832212156129045e-06,4.12214747707527e-05,280.7161350250244
18,0.08711658398680608,4.499459444389373,0.1305293533109087,6.329847343378272,4.393398282201788e-06,2.9289321881345254e-05,280.634574174881
19,0.08482292889485181,4.402564415564904,0.13066338523217935,6.328558683584457,2.86474508437579e-06,1.9098300562505266e-05,280.507310628891
20,0.08299363634942733,4.324696576377875,0.129901144946028,6.299619597541634,1.6349021371744833e-06,1.0899347581163221e-05,282.2315340042114
21,0.08203831134536832,4.280044204748216,0.12925966013692655,6.269435220063442,1e-06,4.8943483704846475e-06,280.33245635032654
22,0.07966945087278673,4.174810108544806,0.12966764694660263,6.284155680015861,1e-06,1.231165940486234e-06,280.5749423503876